0.0 0.6018500030040741 0.2336507961153984 0.281541645526886 0.3466825634241104
0.0 0.8938499987125397 0.5105714052915573 0.14754170179367065 0.22476187348365784
0.0 0.9467000067234039 0.7598094940185547 0.10659998655319214 0.2016984224319458
0.0 0.8268166482448578 0.8668888807296753 0.19220000505447388 0.26620638370513916
0.0 0.5575582981109619 0.8941071629524231 0.13202500343322754 0.2117856740951538
0.0 0.5832749903202057 0.5176031738519669 0.22345000505447388 0.31593653559684753
0.0 0.41874998807907104 0.6214603185653687 0.16655004024505615 0.15176188945770264
0.0 0.3366166949272156 0.4021587371826172 0.14036667346954346 0.2528412342071533
0.0 0.17091667652130127 0.408730149269104 0.14339995384216309 0.2070317268371582
0.0 0.1491333246231079 0.7600317597389221 0.12268328666687012 0.17947614192962646
0.0 0.32567501068115234 0.8117460608482361 0.17674994468688965 0.2284761667251587
0.0 0.24877500534057617 0.5888095498085022 0.11626672744750977 0.3404444456100464
0.0 0.07428538799285889 0.6337142586708069 0.14857077598571777 0.18533337116241455
