0.0 0.5945370176409449 0.2240425537636923 0.2905142337227637 0.3737561234487894
0.0 0.8936155764822704 0.47204462248663026 0.15340496283049987 0.2388929427215281
0.0 0.9485827915767664 0.7157860895477317 0.10283441684646732 0.21185639535337342
0.0 0.8362741388481755 0.8344471390980346 0.1991213965590335 0.2846497400004603
0.0 0.5681044332160791 0.8878754182668795 0.1375589889172722 0.2242491634662409
0.0 0.5836396243245479 0.5094368700693594 0.23167052349816558 0.33737011476156603
0.0 0.4221307433057485 0.629245234751069 0.17042073005883207 0.1678479600434042
0.0 0.3341951059042903 0.4182642821750724 0.14699619475477244 0.26623366285701167
0.0 0.16889069894743913 0.4410300981886974 0.14879081084501705 0.22078117251588403
0.0 0.15660440334303471 0.7939985674405623 0.12735877926108694 0.19123613244218496
0.0 0.33430710675706604 0.8283814485069387 0.1826747988914089 0.245458482577409
0.0 0.2514998872200501 0.6132586194350985 0.125289122230747 0.3513647308880031
0.0 0.07845063617188042 0.6751666804701582 0.1533699973305287 0.19961706078911945
