0.0 0.48074754448639084 0.24809521881878202 0.32310347982348697 0.4606634234454781
0.0 0.15568966418540614 0.3775741853542925 0.17456040516212243 0.2825151033505745
0.0 0.0726466279181842 0.5909830191411137 0.13090031318249654 0.2416206646990781
0.0 0.17925955161826074 0.7484582773894535 0.22416425973097634 0.34266139089270775
0.0 0.44464453356484024 0.8835859160375912 0.1574985511023243 0.23282816792481753
0.0 0.4647591538885567 0.5275790163031258 0.2613952517234949 0.4045263754699011
0.0 0.6163120187406294 0.7025771818786711 0.18465318685812293 0.2216374686700755
0.0 0.7249371478987513 0.5312411805889758 0.1708144793905011 0.30599461300116826
0.0 0.889491088094488 0.613963037865163 0.168271633708999 0.26368816834384157
0.0 0.8685156254867957 0.9226319988147162 0.14424800165094043 0.1547360023705675
0.0 0.6860560294239926 0.8886506556406364 0.20415909989469505 0.22269868871872722
0.0 0.7899008025156238 0.7498503283899198 0.15741629628633513 0.37845569250819333
0.0 0.9365842236484957 0.873200670871954 0.1268315527030086 0.24537194719737554
