0.0 0.6757574410645262 0.33705716222101495 0.31507492779904356 0.44700156751532416
0.0 0.9224043392084186 0.7148089793718155 0.15157864657103493 0.27458300278209957
0.0 0.9427769690359523 0.9283337114788603 0.0961194164019088 0.1433325770422792
0.0 0.8309141403357921 0.9327720809994777 0.21397509508555723 0.13445583800104455
0.0 0.5644382991117283 0.9131460939419433 0.15101401175114004 0.1737078121161134
0.0 0.627948311462559 0.6029713488203998 0.25433065608667704 0.3946162483615252
0.0 0.4567089615041118 0.639551549703515 0.18080930953211988 0.21233606341501088
0.0 0.3995870418269575 0.3970655380199921 0.16545326199614457 0.30101291451239565
0.0 0.23737880488168 0.33963983736025755 0.16366525165114013 0.2574261492765231
0.0 0.17939724387599576 0.6690855007320352 0.1402671221778256 0.2225359443282544
0.0 0.34607677807924897 0.7867318912336351 0.19893490099593808 0.2912061189139299
0.0 0.294436384429629 0.5427636384017587 0.15075076470715365 0.3773257302249887
0.0 0.11965041127973118 0.5188194055089472 0.1665161744529494 0.23821712819056767
