0.0 0.3079137901734173 0.5019640425150274 0.2490452144493169 0.3407169535035503
0.0 0.5067109124099007 0.42224576636262956 0.1655923098695965 0.2522503918256577
0.0 0.6361600911623956 0.32184856864842654 0.1145644396226666 0.18821780790562725
0.0 0.8873523615792948 0.25566386122392715 0.1972970275537227 0.2755186379112885
0.0 0.8849446609528252 0.5410992821073922 0.2301106780943496 0.3381920403895336
0.0 0.8444023669317077 0.6887883148988958 0.18583987844472216 0.28572304838514395
0.0 0.6616554004078117 0.6052931287636469 0.24476987058283883 0.3831359088665207
0.0 0.46516078588944293 0.7504493293867884 0.23793056224515585 0.4130530652295846
0.0 0.30449999437882047 0.765908332387102 0.18068038611586218 0.2538123624366586
0.0 0.1988271125891145 0.8592105988641551 0.18657175352744693 0.28157880227168985
0.0 0.3024957530776918 0.9473595766501928 0.16270728243695573 0.10528084669961457
0.0 0.4019711043821813 0.9317608696732315 0.11294370805947046 0.13647826065353708
