0.0 0.2692053020000458 0.36107784509658813 0.21473509073257446 0.24502992630004883
0.0 0.4711920768022537 0.3694610893726349 0.13920530676841736 0.18994015455245972
0.0 0.6090728640556335 0.32826346158981323 0.09440398216247559 0.1458083987236023
0.0 0.8597682118415833 0.3720957934856415 0.16933774948120117 0.19999998807907104
0.0 0.8237417340278625 0.6473652720451355 0.20324504375457764 0.24748504161834717
0.0 0.7616224884986877 0.7704790234565735 0.15586090087890625 0.21592819690704346
0.0 0.5964900851249695 0.6119161695241928 0.2043377161026001 0.29155686497688293
0.0 0.38814568519592285 0.6674850583076477 0.1929801106452942 0.3261077404022217
0.0 0.23132450878620148 0.613592803478241 0.15486755967140198 0.18473052978515625
0.0 0.11705298349261284 0.6598203778266907 0.15672186762094498 0.21491014957427979
0.0 0.1997019723057747 0.8444910049438477 0.14417217671871185 0.1582634449005127
0.0 0.30115893483161926 0.8334730267524719 0.09493380784988403 0.13239514827728271
